ID,Category,Name,Method,MethodArgument,RegistryPath,RegistryItem,ClassName,Namespace,Property,DefaultValue,RecommendedValue,Operator,Severity
10000,"Account Policies","Account lockout duration",accountpolicy,,,,,,,,15,>=,Low
10001,"Account Policies","Account lockout threshold",accountpolicy,,,,,,,0,10,<=,Low
10002,"Account Policies","Reset account lockout counter",accountpolicy,,,,,,,,15,>=,Low
10100,"Account Policies","Length of password history maintained",accountpolicy,,,,,,,,24,>=,Low
10101,"Account Policies","Minimum password length",accountpolicy,,,,,,,,14,>=,Medium
10102,"Account Policies","Password must meet complexity requirements",secedit,Complexity,,,,,,0,1,=,Medium
10103,"Account Policies","Store passwords using reversible encryption",secedit,ClearTextPassword,,,,,,0,0,=,High
10200,"Security Options","Accounts: Limit local account use of blank passwords to console logon only",Registry,,HKLM:\System\CurrentControlSet\Control\Lsa,LimitBlankPasswordUse,,,,1,1,=,Medium
10201,"Security Options","Audit: Force audit policy subcategory settings to override audit policy category settings",Registry,,HKLM:\System\CurrentControlSet\Control\Lsa,SCENoApplyLegacyAuditPolicy,,,,"",1,=,Low
10202,"Security Options","Domain member: Digitally encrypt or sign secure channel data (always)",Registry,,HKLM:\System\CurrentControlSet\Services\Netlogon\Parameters,RequireSignOrSeal,,,,1,1,=,Medium
10203,"Security Options","Domain member: Digitally encrypt secure channel data (when possible)",Registry,,HKLM:\System\CurrentControlSet\Services\Netlogon\Parameters,SealSecureChannel,,,,1,1,=,Medium
10204,"Security Options","Domain member: Digitally sign secure channel data (when possible)",Registry,,HKLM:\System\CurrentControlSet\Services\Netlogon\Parameters,SignSecureChannel,,,,1,1,=,Medium
10205,"Security Options","Domain member: Disable machine account password changes",Registry,,HKLM:\System\CurrentControlSet\Services\Netlogon\Parameters,DisablePasswordChange,,,,0,0,=,Medium
10207,"Security Options","Domain member: Require strong (Windows 2000 or later) session key",Registry,,HKLM:\System\CurrentControlSet\Services\Netlogon\Parameters,RequireStrongKey,,,,1,1,=,Medium
10208,"Security Options","Interactive logon: Machine inactivity limit",Registry,,HKLM:\SOFTWARE\Microsoft\Windows\CurrentVersion\Policies\System,InactivityTimeoutSecs,,,,900,900,=,Low
10209,"Security Options","Interactive logon: Smart card removal behavior",Registry,,"HKLM:\Software\Microsoft\Windows NT\CurrentVersion\Winlogon",ScRemoveOption,,,,,1,=,Low
10210,"Security Options","Microsoft network client: Digitally sign communications (always)",Registry,,HKLM:\System\CurrentControlSet\Services\LanmanWorkstation\Parameters,RequireSecuritySignature,,,,0,1,=,Medium
10211,"Security Options","Microsoft network client: Send unencrypted password to third-party SMB servers",Registry,,HKLM:\System\CurrentControlSet\Services\LanmanWorkstation\Parameters,EnablePlainTextPassword,,,,0,0,=,Medium
10212,"Security Options","Microsoft network server: Digitally sign communications (always)",Registry,,HKLM:\System\CurrentControlSet\Services\LanManServer\Parameters,RequireSecuritySignature,,,,0,1,=,Medium
10213,"Security Options","Network access: Allow anonymous SID/Name translation",secedit,LSAAnonymousNameLookup,,,,,,0,0,=,Medium
10214,"Security Options","Network access: Do not allow anonymous enumeration of SAM accounts",Registry,,HKLM:\System\CurrentControlSet\Control\Lsa,RestrictAnonymousSAM,,,,1,1,=,Medium
10215,"Security Options","Network access: Do not allow anonymous enumeration of SAM accounts and shares",Registry,,HKLM:\System\CurrentControlSet\Control\Lsa,RestrictAnonymous,,,,0,1,=,Medium
10216,"Security Options","Network access: Restrict anonymous access to Named Pipes and Shares",Registry,,HKLM:\System\CurrentControlSet\Services\LanManServer\Parameters,RestrictNullSessAccess,,,,1,1,=,Medium
10217,"Security Options","Network access: Restrict clients allowed to make remote calls to SAM",Registry,,HKLM:\System\CurrentControlSet\Control\Lsa,RestrictRemoteSAM,,,,,O:BAG:BAD:(A;;RC;;;BA),=,Medium
10218,"Security Options","Network security: Allow LocalSystem NULL session fallback",Registry,,HKLM:\System\CurrentControlSet\Control\Lsa\MSV1_0,allownullsessionfallback,,,,0,0,=,Medium
10219,"Security Options","Network security: Do not store LAN Manager hash value on next password change",Registry,,HKLM:\System\CurrentControlSet\Control\Lsa,NoLMHash,,,,1,1,=,High
10220,"Security Options","Network security: LAN Manager authentication level",Registry,,HKLM:\System\CurrentControlSet\Control\Lsa,LmCompatibilityLevel,,,,3,5,=,Medium
10221,"Security Options","Network security: LDAP client signing requirements",Registry,,HKLM:\System\CurrentControlSet\Services\LDAP,LDAPClientIntegrity,,,,1,1,>=,Medium
10222,"Security Options","Network security: Minimum session security for NTLM SSP based (including secure RPC) clients",Registry,,HKLM:\System\CurrentControlSet\Control\Lsa\MSV1_0,NTLMMinClientSec,,,,536870912,537395200,=,Medium
10223,"Security Options","Network security: Minimum session security for NTLM SSP based (including secure RPC) servers",Registry,,HKLM:\System\CurrentControlSet\Control\Lsa\MSV1_0,NTLMMinServerSec,,,,536870912,537395200,=,Medium
10224,"Security Options","Network security: System objects: Strengthen default permissions of internal system objects (e.g. Symbolic Links)",Registry,,"HKLM:\System\CurrentControlSet\Control\Session Manager",ProtectionMode,,,,1,1,=,Medium
10225,"Security Options","User Account Control: Admin Approval Mode for the Built-in Administrator account",Registry,,HKLM:\SOFTWARE\Microsoft\Windows\CurrentVersion\Policies\System,FilterAdministratorToken,,,,0,1,=,Medium
10226,"Security Options","User Account Control: Behavior of the elevation prompt for administrators in Admin Approval Mode",Registry,,HKLM:\SOFTWARE\Microsoft\Windows\CurrentVersion\Policies\System,ConsentPromptBehaviorAdmin,,,,0,2,=,Medium
10227,"Security Options","User Account Control: Behavior of the elevation prompt for standard users",Registry,,HKLM:\SOFTWARE\Microsoft\Windows\CurrentVersion\Policies\System,ConsentPromptBehaviorUser,,,,0,0,=,Medium
10228,"Security Options","User Account Control: Detect application installations and prompt for elevation",Registry,,HKLM:\SOFTWARE\Microsoft\Windows\CurrentVersion\Policies\System,EnableInstallerDetection,,,,1,1,=,Medium
10229,"Security Options","User Account Control: Only elevate UIAccess applications that are installed in secure locations",Registry,,HKLM:\SOFTWARE\Microsoft\Windows\CurrentVersion\Policies\System,EnableSecureUIAPaths,,,,1,1,=,Medium
10230,"Security Options","User Account Control: Run all administrators in Admin Approval Mode",Registry,,HKLM:\SOFTWARE\Microsoft\Windows\CurrentVersion\Policies\System,EnableLUA,,,,1,1,=,Medium
10231,"Security Options","User Account Control: Virtualize file and registry write failures to per-user locations",Registry,,HKLM:\SOFTWARE\Microsoft\Windows\CurrentVersion\Policies\System,EnableVirtualization,,,,1,1,=,Medium
10301,"User Rights Assignment","Access Credential Manager as a trusted caller",accesschk,SeTrustedCredManAccessPrivilege,,,,,,,,=,Medium
10302,"User Rights Assignment","Access this computer from the network",accesschk,SeNetworkLogonRight,,,,,,"BUILTIN\Administrators;BUILTIN\Backup Operators;BUILTIN\Users;Everyone","NT AUTHORITY\Authenticated Users;BUILTIN\Administrators",=,Medium
10303,"User Rights Assignment","Act as part of the operating system",accesschk,SeTcbPrivilege,,,,,,,,=,Medium
10304,"User Rights Assignment","Allow log on locally",accesschk,SeInteractiveLogonRight,,,,,,"BUILTIN\Administrators;BUILTIN\Backup Operators;BUILTIN\Users;Everyone",BUILTIN\Administrators,=,Medium
10305,"User Rights Assignment","Back up files and directories",accesschk,SeBackupPrivilege,,,,,,"BUILTIN\Administrators;BUILTIN\Backup Operators",BUILTIN\Administrators,=,Medium
10306,"User Rights Assignment","Create a pagefile",accesschk,SeCreatePagefilePrivilege,,,,,,BUILTIN\Administrators,BUILTIN\Administrators,=,Medium
10307,"User Rights Assignment","Create a token object",accesschk,SeCreateTokenPrivilege,,,,,,,,=,Medium
10308,"User Rights Assignment","Create global objects",accesschk,SeCreateGlobalPrivilege,,,,,,"NT AUTHORITY\SERVICE;BUILTIN\Administrators;NT AUTHORITY\NETWORK SERVICE;NT AUTHORITY\LOCAL SERVICE","NT AUTHORITY\SERVICE;BUILTIN\Administrators;NT AUTHORITY\NETWORK SERVICE;NT AUTHORITY\LOCAL SERVICE",=,Medium
10309,"User Rights Assignment","Create permanent shared objects",accesschk,SeCreatePermanentPrivilege,,,,,,,,=,Medium
10310,"User Rights Assignment","Debug programs",accesschk,SeDebugPrivilege,,,,,,BUILTIN\Administrators,BUILTIN\Administrators,=,Medium
10311,"User Rights Assignment","Deny access to this computer from the network",accesschk,SeDenyNetworkLogonRight,,,,,,BUILTIN\Guests,"NT AUTHORITY\Local account;BUILTIN\Administrators",=,Medium
10312,"User Rights Assignment","Deny log on through Remote Desktop Services",accesschk,SeDenyRemoteInteractiveLogonRight,,,,,,,"NT AUTHORITY\Local account",=,Medium
10313,"User Rights Assignment","Enable computer and user accounts to be trusted for delegation",accesschk,SeEnableDelegationPrivilege,,,,,,,,=,Medium
10314,"User Rights Assignment","Force shutdown from a remote system",accesschk,SeRemoteShutdownPrivilege,,,,,,BUILTIN\Administrators,BUILTIN\Administrators,=,Medium
10315,"User Rights Assignment","Impersonate a client after authentication",accesschk,SeImpersonatePrivilege,,,,,,"NT AUTHORITY\SERVICE;BUILTIN\Administrators;NT AUTHORITY\NETWORK SERVICE;NT AUTHORITY\LOCAL SERVICE","NT AUTHORITY\SERVICE;BUILTIN\Administrators;NT AUTHORITY\NETWORK SERVICE;NT AUTHORITY\LOCAL SERVICE",=,Medium
10316,"User Rights Assignment","Load and unload device drivers",accesschk,SeLoadDriverPrivilege,,,,,,BUILTIN\Administrators,BUILTIN\Administrators,=,Medium
10317,"User Rights Assignment","Lock pages in memory",accesschk,SeLockMemoryPrivilege,,,,,,,,=,Medium
10318,"User Rights Assignment","Manage auditing and security log",accesschk,SeSecurityPrivilege,,,,,,BUILTIN\Administrators,BUILTIN\Administrators,=,Medium
10319,"User Rights Assignment","Modify firmware environment values",accesschk,SeSystemEnvironmentPrivilege,,,,,,BUILTIN\Administrators,BUILTIN\Administrators,=,Medium
10320,"User Rights Assignment","Perform volume maintenance tasks",accesschk,SeManageVolumePrivilege,,,,,,BUILTIN\Administrators,BUILTIN\Administrators,=,Medium
10321,"User Rights Assignment","Profile single process",accesschk,SeProfileSingleProcessPrivilege,,,,,,BUILTIN\Administrators,BUILTIN\Administrators,=,Medium
10322,"User Rights Assignment","Restore files and directories",accesschk,SeRestorePrivilege,,,,,,"BUILTIN\Backup Operators;BUILTIN\Administrators",BUILTIN\Administrators,=,Medium
10323,"User Rights Assignment","Take ownership of files or other objects",accesschk,SeTakeOwnershipPrivilege,,,,,,BUILTIN\Administrators,BUILTIN\Administrators,=,Medium
10400,"Advanced Audit Policy Configuration","Credential Validation",auditpol,,,,,,,,"Success and Failure",=,Low
10401,"Advanced Audit Policy Configuration","Security Group Management",auditpol,,,,,,,Success,Success,contains,Low
10402,"Advanced Audit Policy Configuration","User Account Management",auditpol,,,,,,,Success,"Success and Failure",=,Low
10403,"Advanced Audit Policy Configuration","Plug and Play Events",auditpol,,,,,,,,Success,contains,Low
10404,"Advanced Audit Policy Configuration","Process Creation",auditpol,,,,,,,,Success,contains,Low
10405,"Advanced Audit Policy Configuration","Account Lockout",auditpol,,,,,,,Success,Failure,contains,Low
10406,"Advanced Audit Policy Configuration","Group Membership",auditpol,,,,,,,,Success,contains,Low
10407,"Advanced Audit Policy Configuration",Logon,auditpol,,,,,,,Success,"Success and Failure",=,Low
10408,"Advanced Audit Policy Configuration","Other Logon/Logoff Events",auditpol,,,,,,,,"Success and Failure",=,Low
10409,"Advanced Audit Policy Configuration","Special Logon",auditpol,,,,,,,Success,Success,contains,Low
10410,"Advanced Audit Policy Configuration","Detailed File Share",auditpol,,,,,,,,Failure,contains,Low
10411,"Advanced Audit Policy Configuration","File Share",auditpol,,,,,,,,"Success and Failure",=,Low
10412,"Advanced Audit Policy Configuration","Other Object Access Events",auditpol,,,,,,,,"Success and Failure",=,Low
10413,"Advanced Audit Policy Configuration","Removable Storage",auditpol,,,,,,,,"Success and Failure",=,Low
10414,"Advanced Audit Policy Configuration","Audit Policy Change",auditpol,,,,,,,Success,Success,contains,Low
10415,"Advanced Audit Policy Configuration","Authentication Policy Change",auditpol,,,,,,,Success,Success,contains,Low
10416,"Advanced Audit Policy Configuration","MPSSVC Rule-Level Policy Change",auditpol,,,,,,,,"Success and Failure",=,Low
10417,"Advanced Audit Policy Configuration","Other Policy Change Events",auditpol,,,,,,,,Failure,contains,Low
10418,"Advanced Audit Policy Configuration","Sensitive Privilege Use",auditpol,,,,,,,,"Success and Failure",=,Low
10419,"Advanced Audit Policy Configuration","Other System Events",auditpol,,,,,,,"Success and Failure","Success and Failure",=,Low
10420,"Advanced Audit Policy Configuration","Security State Change",auditpol,,,,,,,Success,Success,contains,Low
10421,"Advanced Audit Policy Configuration","Security System Extension",auditpol,,,,,,,,Success,contains,Low
10422,"Advanced Audit Policy Configuration","System Integrity",auditpol,,,,,,,"Success and Failure","Success and Failure",=,Low
10501,"Windows Firewall","EnableFirewall (Domain Profile, Policy)",Registry,,HKLM:\SOFTWARE\Policies\Microsoft\WindowsFirewall\DomainProfile,EnableFirewall,,,,0,1,=,Medium
10502,"Windows Firewall","EnableFirewall (Domain Profile)",Registry,,HKLM:\SYSTEM\CurrentControlSet\Services\SharedAccess\Parameters\FirewallPolicy\DomainProfile,EnableFirewall,,,,0,1,=,Medium
10503,"Windows Firewall","Inbound Connections (Domain Profile, Policy)",Registry,,HKLM:\SOFTWARE\Policies\Microsoft\WindowsFirewall\DomainProfile,DefaultInboundAction,,,,1,1,=,Medium
10504,"Windows Firewall","Inbound Connections (Domain Profile)",Registry,,HKLM:\SYSTEM\CurrentControlSet\Services\SharedAccess\Parameters\FirewallPolicy\DomainProfile,DefaultInboundAction,,,,1,1,=,Medium
10505,"Windows Firewall","Outbound Connections (Domain Profile, Policy)",Registry,,HKLM:\SOFTWARE\Policies\Microsoft\WindowsFirewall\DomainProfile,DefaultOutboundAction,,,,0,0,=,Medium
10506,"Windows Firewall","Outbound Connections (Domain Profile)",Registry,,HKLM:\SYSTEM\CurrentControlSet\Services\SharedAccess\Parameters\FirewallPolicy\DomainProfile,DefaultOutboundAction,,,,0,0,=,Medium
10515,"Windows Firewall","EnableFirewall (Private Profile, Policy)",Registry,,HKLM:\SOFTWARE\Policies\Microsoft\WindowsFirewall\PrivateProfile,EnableFirewall,,,,0,1,=,Medium
10516,"Windows Firewall","EnableFirewall (Private Profile)",Registry,,HKLM:\SYSTEM\CurrentControlSet\Services\SharedAccess\Parameters\FirewallPolicy\StandardProfile,EnableFirewall,,,,0,1,=,Medium
10517,"Windows Firewall","Inbound Connections (Private Profile, Policy)",Registry,,HKLM:\SOFTWARE\Policies\Microsoft\WindowsFirewall\PrivateProfile,DefaultInboundAction,,,,1,1,=,Medium
10518,"Windows Firewall","Inbound Connections (Private Profile)",Registry,,HKLM:\SYSTEM\CurrentControlSet\Services\SharedAccess\Parameters\FirewallPolicy\StandardProfile,DefaultInboundAction,,,,1,1,=,Medium
10519,"Windows Firewall","Outbound Connections (Private Profile, Policy)",Registry,,HKLM:\SOFTWARE\Policies\Microsoft\WindowsFirewall\PrivateProfile,DefaultOutboundAction,,,,0,0,=,Medium
10520,"Windows Firewall","Outbound Connections (Private Profile)",Registry,,HKLM:\SYSTEM\CurrentControlSet\Services\SharedAccess\Parameters\FirewallPolicy\StandardProfile,DefaultOutboundAction,,,,0,0,=,Medium
10529,"Windows Firewall","EnableFirewall (Public Profile, Policy)",Registry,,HKLM:\SOFTWARE\Policies\Microsoft\WindowsFirewall\PublicProfile,EnableFirewall,,,,0,1,=,Medium
10530,"Windows Firewall","EnableFirewall (Public Profile)",Registry,,HKLM:\SYSTEM\CurrentControlSet\Services\SharedAccess\Parameters\FirewallPolicy\PublicProfile,EnableFirewall,,,,0,1,=,Medium
10531,"Windows Firewall","Inbound Connections (Public Profile, Policy)",Registry,,HKLM:\SOFTWARE\Policies\Microsoft\WindowsFirewall\PublicProfile,DefaultInboundAction,,,,1,1,=,Medium
10532,"Windows Firewall","Inbound Connections (Public Profile)",Registry,,HKLM:\SYSTEM\CurrentControlSet\Services\SharedAccess\Parameters\FirewallPolicy\PublicProfile,DefaultInboundAction,,,,1,1,=,Medium
10533,"Windows Firewall","Outbound Connections (Public Profile, Policy)",Registry,,HKLM:\SOFTWARE\Policies\Microsoft\WindowsFirewall\PublicProfile,DefaultOutboundAction,,,,0,0,=,Medium
10534,"Windows Firewall","Outbound Connections (Public Profile)",Registry,,HKLM:\SYSTEM\CurrentControlSet\Services\SharedAccess\Parameters\FirewallPolicy\PublicProfile,DefaultOutboundAction,,,,0,0,=,Medium
10600,"Administrative Templates: Control Panel","Personalization: Prevent enabling lock screen camera",Registry,,HKLM:\Software\Policies\Microsoft\Windows\Personalization,NoLockScreenCamera,,,,0,1,=,Low
10601,"Administrative Templates: Control Panel","Personalization: Prevent enabling lock screen slide",Registry,,HKLM:\Software\Policies\Microsoft\Windows\Personalization,NoLockScreenSlideshow,,,,0,1,=,Low
10610,"Administrative Templates: LAPS","Enable local admin password management",Registry,,"HKLM:\Software\Policies\Microsoft Services\AdmPwd",AdmPwdEnabled,,,,,1,=,Medium
10620,"MS Security Guide","Apply UAC restrictions to local accounts on network logons",Registry,,HKLM:\SOFTWARE\Microsoft\Windows\CurrentVersion\Policies\System,LocalAccountTokenFilterPolicy,,,,,0,=,Medium
10621,"MS Security Guide","Configure SMB v1 client driver",Registry,,HKLM:\SYSTEM\CurrentControlSet\Services\MrxSmb10,Start,,,,,4,=,Medium
10622,"MS Security Guide","Configure SMB v1 server",Registry,,HKLM:\SYSTEM\CurrentControlSet\Services\LanmanServer\Parameters,SMB1,,,,,0,=,Medium
10623,"MS Security Guide","Enable Structured Exception Handling Overwrite Protection (SEHOP)",Registry,,"HKLM:\SYSTEM\CurrentControlSet\Control\Session Manager\kernel",DisableExceptionChainValidation,,,,,0,=,Medium
10624,"MS Security Guide","NetBT NodeType configuration",Registry,,HKLM:\SYSTEM\CurrentControlSet\Services\NetBT\Parameters,NodeType,,,,0,2,=,Medium
10625,"MS Security Guide","WDigest Authentication",Registry,,HKLM:\SYSTEM\CurrentControlSet\Control\SecurityProviders\WDigest,UseLogonCredential,,,,,0,=,High
10640,"MSS (Legacy)","MSS: (DisableIPSourceRouting IPv6) IP source routing protection level (protects against packet spoofing)",Registry,,HKLM:\System\CurrentControlSet\Services\Tcpip6\Parameters,DisableIPSourceRouting,,,,,2,=,Medium
10641,"MSS (Legacy)","MSS: (DisableIPSourceRouting) IP source routing protection level (protects against packet spoofing)",Registry,,HKLM:\System\CurrentControlSet\Services\Tcpip\Parameters,DisableIPSourceRouting,,,,,2,=,Medium
10642,"MSS (Legacy)","MSS: (EnableICMPRedirect) Allow ICMP redirects to override OSPF generated routes",Registry,,HKLM:\System\CurrentControlSet\Services\Tcpip\Parameters,EnableICMPRedirect,,,,,0,=,Medium
10643,"MSS (Legacy)","MSS: (NoNameReleaseOnDemand) Allow the computer to ignore NetBIOS name release requests except from WINS servers",Registry,,HKLM:\System\CurrentControlSet\Services\Netbt\Parameters,NoNameReleaseOnDemand,,,,0,1,=,Medium
10650,"Administrative Templates: Network","DNS Client: Turn off multicast name resolution (LLMNR)",Registry,,"HKLM:\Software\Policies\Microsoft\Windows NT\DNSClient",EnableMulticast,,,,1,0,=,Medium
10651,"Administrative Templates: Network","Lanman Workstation: Enable insecure guest logons",Registry,,HKLM:\Software\Policies\Microsoft\Windows\LanmanWorkstation,AllowInsecureGuestAuth,,,,0,0,=,Medium
10653,"Administrative Templates: Network","Network Provider: Hardened UNC Paths (NETLOGON)",Registry,,HKLM:\Software\Policies\Microsoft\Windows\NetworkProvider\HardenedPaths,\\*\NETLOGON,,,,,"RequireMutualAuthentication=1,RequireIntegrity=1",=,Medium
10654,"Administrative Templates: Network","Network Provider: Hardened UNC Paths (SYSVOL)",Registry,,HKLM:\Software\Policies\Microsoft\Windows\NetworkProvider\HardenedPaths,\\*\SYSVOL,,,,,"RequireMutualAuthentication=1,RequireIntegrity=1",=,Medium
10670,"Administrative Templates: System","Credentials Delegation: Encryption Oracle Remediation",Registry,,HKLM:\SOFTWARE\Microsoft\Windows\CurrentVersion\Policies\System\CredSSP\Parameters,"“AllowEncryptionOracle",,,,0,0,=,Medium
10671,"Administrative Templates: System","Credentials Delegation: Remote host allows delegation of non-exportable credentials",Registry,,HKLM:\Software\Policies\Microsoft\Windows\CredentialsDelegation,AllowProtectedCreds,,,,,1,=,Medium
10672,"Administrative Templates: System","Device Guard: Turn On Virtualization Based Security (Policy)",Registry,,HKLM:\SOFTWARE\Policies\Microsoft\Windows\DeviceGuard,EnableVirtualizationBasedSecurity,,,,,1,=,Medium
10673,"Administrative Templates: System","Device Guard: Virtualization Based Protection of Code Integrity (Policy)",Registry,,HKLM:\SOFTWARE\Policies\Microsoft\Windows\DeviceGuard,HypervisorEnforcedCodeIntegrity,,,,,1,=,Medium
10674,"Administrative Templates: System","Device Guard: Credential Guard Configuration (Policy)",Registry,,HKLM:\SOFTWARE\Policies\Microsoft\Windows\DeviceGuard,LsaCfgFlags,,,,,1,=,Medium
10675,"Administrative Templates: System","Device Guard: Select Platform Security Level (Policy)",Registry,,HKLM:\SOFTWARE\Policies\Microsoft\Windows\DeviceGuard,RequirePlatformSecurityFeatures,,,,,1,=,Medium
10676,"Administrative Templates: System","Device Guard: Secure Launch Configuration (Policy)",Registry,,HKLM:\SOFTWARE\Policies\Microsoft\Windows\DeviceGuard,ConfigureSystemGuardLaunch,,,,0,1,=,Medium
10677,"Administrative Templates: System","Device Guard: Require UEFI Memory Attributes Table (Policy)",Registry,,HKLM:\SOFTWARE\Policies\Microsoft\Windows\DeviceGuard,HVCIMATRequired,,,,,1,=,Medium
10680,"Administrative Templates: System","Early Launch Antimalware: Boot-Start Driver Initialization Policy",Registry,,HKLM:\System\CurrentControlSet\Policies\EarlyLaunch,DriverLoadPolicy,,,,0,3,=,Medium
10681,"Administrative Templates: System","Group Policy: Process even if the Group Policy objects have not changed",Registry,,"HKLM:\Software\Policies\Microsoft\Windows\Group Policy\{35378EAC-683F-11D2-A89A-00C04FBBCFA2}",NoBackgroundPolicy,,,,1,0,=,Low
10682,"Administrative Templates: System","Group Policy: Do not apply during periodic background processing",Registry,,"HKLM:\Software\Policies\Microsoft\Windows\Group Policy\{35378EAC-683F-11D2-A89A-00C04FBBCFA2}",NoGPOListChanges,,,,0,0,=,Low
10685,"Administrative Templates: System","Kernel DMA Protection: Enumeration policy for external devices incompatible with Kernel DMA Protection",Registry,,"HKLM:\SOFTWARE\Policies\Microsoft\Windows\Kernel DMA Protection",DeviceEnumerationPolicy,,,,2,0,=,Medium
10686,"Administrative Templates: System","Logon: Enumerate local users on domain-joined computers",Registry,,HKLM:\Software\Policies\Microsoft\Windows\System,EnumerateLocalUsers,,,,0,0,=,Medium
10697,"Administrative Templates: System","Remote Procedure Call: Restrict Unauthenticated RPC clients",Registry,,"HKLM:\Software\Policies\Microsoft\Windows NT\Rpc",RestrictRemoteClients,,,,0,1,=,Medium
10752,"Administrative Templates: Windows Components","AutoPlay Policies: Disallow Autoplay for non-volume devices",Registry,,HKLM:\Software\Policies\Microsoft\Windows\Explorer,NoAutoplayfornonVolume,,,,0,1,=,Medium
10753,"Administrative Templates: Windows Components","AutoPlay Policies: Set the default behavior for AutoRun",Registry,,HKLM:\Software\Microsoft\Windows\CurrentVersion\Policies\Explorer,NoAutorun,,,,0,1,=,Medium
10754,"Administrative Templates: Windows Components","AutoPlay Policies: Turn off Autoplay",Registry,,HKLM:\Software\Microsoft\Windows\CurrentVersion\Policies\Explorer,NoDriveTypeAutoRun,,,,0,255,=,Medium
10755,"Administrative Templates: Windows Components","Biometrics: Facial Features: Configure enhanced anti-spoofing",Registry,,HKLM:\SOFTWARE\Policies\Microsoft\Biometrics\FacialFeatures,EnhancedAntiSpoofing,,,,,1,=,Medium
10763,"Administrative Templates: Windows Components","Event Log Service: Specify the maximum Application log file size (KB)",Registry,,HKLM:\Software\Policies\Microsoft\Windows\EventLog\Application,MaxSize,,,,4096,32768,>=,Medium
10764,"Administrative Templates: Windows Components","Event Log Service: Specify the maximum Security log file size (KB)",Registry,,HKLM:\Software\Policies\Microsoft\Windows\EventLog\Security,MaxSize,,,,4096,196608,>=,Medium
10765,"Administrative Templates: Windows Components","Event Log Service: Specify the maximum System log file size (KB)",Registry,,HKLM:\Software\Policies\Microsoft\Windows\EventLog\System,MaxSize,,,,4096,32768,>=,Medium
10766,"Administrative Templates: Windows Components","FIle Explorer: Configure Windows Defender SmartScreen",Registry,,HKLM:\SOFTWARE\Policies\Microsoft\Windows\System,EnableSmartScreen,,,,1,1,=,Medium
10767,"Administrative Templates: Windows Components","File Explorer: Configure Windows Defender SmartScreen to warn and prevent bypass",Registry,,HKLM:\SOFTWARE\Policies\Microsoft\Windows\System,ShellSmartScreenLevel,,,,Warn,Block,=,Medium
10800,"Internet Explorer","Prevent bypassing SmartScreen Filter warnings",Registry,,"HKLM:\Software\Policies\Microsoft\Internet Explorer\PhishingFilter",PreventOverride,,,,,1,=,Medium
10801,"Internet Explorer","Prevent bypassing SmartScreen Filter warnings about files that are not commonly downloaded from the Internet",Registry,,"HKLM:\Software\Policies\Microsoft\Internet Explorer\PhishingFilter",PreventOverrideAppRepUnknown,,,,,1,=,Medium
10802,"Internet Explorer","Prevent managing SmartScreen Filter",Registry,,"HKLM:\Software\Policies\Microsoft\Internet Explorer\PhishingFilter",EnabledV9,,,,,1,=,Medium
10803,"Internet Explorer","Prevent per-user installation of ActiveX controls",Registry,,"HKLM:\Software\Policies\Microsoft\Internet Explorer\Security\ActiveX",BlockNonAdminActiveXInstall,,,,,1,=,Medium
10804,"Internet Explorer","Security Zones: Do not allow users to add/delete sites",Registry,,"HKLM:\Software\Policies\Microsoft\Windows\CurrentVersion\Internet Settings",Security_zones_map_edit,,,,,1,=,Medium
10805,"Internet Explorer","Security Zones: Do not allow users to change policies",Registry,,"HKLM:\Software\Policies\Microsoft\Windows\CurrentVersion\Internet Settings",Security_options_edit,,,,,1,=,Medium
10806,"Internet Explorer","Security Zones: Use only machine settings",Registry,,"HKLM:\Software\Policies\Microsoft\Windows\CurrentVersion\Internet Settings",Security_HKLM_only,,,,,1,=,Medium
10807,"Internet Explorer","Specify use of ActiveX Installer Service for installation of ActiveX controls",Registry,,HKLM:\Software\Policies\Microsoft\Windows\AxInstaller,OnlyUseAXISForActiveXInstall,,,,,1,=,Medium
10808,"Internet Explorer","Turn off Crash Detection",Registry,,"HKLM:\Software\Policies\Microsoft\Internet Explorer\Restrictions",NoCrashDetection,,,,,1,=,Medium
10809,"Internet Explorer","Turn off the Security Settings Check feature",Registry,,"HKLM:\Software\Policies\Microsoft\Internet Explorer\Security",DisableSecuritySettingsCheck,,,,,0,=,Medium
10810,"Internet Explorer","Internet Control Panel: Prevent ignoring certificate errors",Registry,,"HKLM:\Software\Policies\Microsoft\Windows\CurrentVersion\Internet Settings",PreventIgnoreCertErrors,,,,,1,=,Medium
10811,"Internet Explorer","Internet Control Panel: Advanced Page: Allow software to run or install even if the signature is invalid",Registry,,"HKLM:\Software\Policies\Microsoft\Internet Explorer\Download",RunInvalidSignatures,,,,,0,=,Medium
10812,"Internet Explorer","Internet Control Panel: Advanced Page: Check for server certificate revocation",Registry,,"HKLM:\Software\Policies\Microsoft\Windows\CurrentVersion\Internet Settings",CertificateRevocation,,,,,1,=,Medium
10813,"Internet Explorer","Internet Control Panel: Advanced Page: Check for signatures on downloaded programs",Registry,,"HKLM:\Software\Policies\Microsoft\Internet Explorer\Download",CheckExeSignatures,,,,,yes,=,Medium
10814,"Internet Explorer","Internet Control Panel: Advanced Page: Do not allow ActiveX controls to run in Protected Mode when Enhanced Protected Mode is enabled",Registry,,"HKLM:\Software\Policies\Microsoft\Internet Explorer\Main",DisableEPMCompat,,,,,1,=,Medium
10815,"Internet Explorer","Internet Control Panel: Advanced Page: Turn off encryption support",Registry,,"HKLM:\Software\Policies\Microsoft\Windows\CurrentVersion\Internet Settings",SecureProtocols,,,,,2560,=,Medium
10816,"Internet Explorer","Internet Control Panel: Advanced Page: Turn on 64-bit tab processes when running in Enhanced Protected Mode on 64-bit versions of Windows",Registry,,"HKLM:\Software\Policies\Microsoft\Internet Explorer\Main",Isolation64Bit,,,,,1,=,Medium
10817,"Internet Explorer","Internet Control Panel: Advanced Page: Turn on Enhanced Protected Mode",Registry,,"HKLM:\Software\Policies\Microsoft\Internet Explorer\Main",Isolation,,,,,PMEM,=,Medium
10818,"Internet Explorer","Internet Control Panel: Security Page: Intranet Sites: Include all network paths (UNCs)",Registry,,"HKLM:\Software\Policies\Microsoft\Windows\CurrentVersion\Internet Settings\ZoneMap",UNCAsIntranet,,,,,0,=,Medium
10819,"Internet Explorer","Internet Control Panel: Security Page: Turn on certificate address mismatch warning",Registry,,"HKLM:\Software\Policies\Microsoft\Windows\CurrentVersion\Internet Settings",WarnOnBadCertRecving,,,,,1,=,Medium
10820,"Internet Explorer","Internet Control Panel: Security Page: Internet Zone: Access data sources across domains",Registry,,"HKLM:\Software\Policies\Microsoft\Windows\CurrentVersion\Internet Settings\Zones\3",1406,,,,,3,=,Medium
10821,"Internet Explorer","Internet Control Panel: Security Page: Internet Zone: Allow cut, copy or paste operations from the clipboard via script",Registry,,"HKLM:\Software\Policies\Microsoft\Windows\CurrentVersion\Internet Settings\Zones\3",1407,,,,,3,=,Medium
10822,"Internet Explorer","Internet Control Panel: Security Page: Internet Zone: Allow drag and drop or copy and paste files",Registry,,"HKLM:\Software\Policies\Microsoft\Windows\CurrentVersion\Internet Settings\Zones\3",1802,,,,,3,=,Medium
10823,"Internet Explorer","Internet Control Panel: Security Page: Internet Zone: Allow loading of XAML files",Registry,,"HKLM:\Software\Policies\Microsoft\Windows\CurrentVersion\Internet Settings\Zones\3",2402,,,,,3,=,Medium
10824,"Internet Explorer","Internet Control Panel: Security Page: Internet Zone: Allow only approved domains to use ActiveX controls without prompt",Registry,,"HKLM:\Software\Policies\Microsoft\Windows\CurrentVersion\Internet Settings\Zones\3",120b,,,,,3,=,Medium
10825,"Internet Explorer","Internet Control Panel: Security Page: Internet Zone: Allow only approved domains to use the TDC ActiveX control",Registry,,"HKLM:\Software\Policies\Microsoft\Windows\CurrentVersion\Internet Settings\Zones\3",120c,,,,,3,=,Medium
10826,"Internet Explorer","Internet Control Panel: Security Page: Internet Zone: Allow scripting of Internet Explorer WebBrowser controls",Registry,,"HKLM:\Software\Policies\Microsoft\Windows\CurrentVersion\Internet Settings\Zones\3",1206,,,,,3,=,Medium
10827,"Internet Explorer","Internet Control Panel: Security Page: Internet Zone: Allow script-initiated windows without size or position constraints",Registry,,"HKLM:\Software\Policies\Microsoft\Windows\CurrentVersion\Internet Settings\Zones\3",2102,,,,,3,=,Medium
10828,"Internet Explorer","Internet Control Panel: Security Page: Internet Zone: Allow scriptlets",Registry,,"HKLM:\Software\Policies\Microsoft\Windows\CurrentVersion\Internet Settings\Zones\3",1209,,,,,3,=,Medium
10829,"Internet Explorer","Internet Control Panel: Security Page: Internet Zone: Allow updates to status bar via script",Registry,,"HKLM:\Software\Policies\Microsoft\Windows\CurrentVersion\Internet Settings\Zones\3",2103,,,,,3,=,Medium
10830,"Internet Explorer","Internet Control Panel: Security Page: Internet Zone: Allow VBScript to run in Internet Explorer",Registry,,"HKLM:\Software\Policies\Microsoft\Windows\CurrentVersion\Internet Settings\Zones\3",140C,,,,,3,=,Medium
10831,"Internet Explorer","Internet Control Panel: Security Page: Internet Zone: Automatic prompting for file downloads",Registry,,"HKLM:\Software\Policies\Microsoft\Windows\CurrentVersion\Internet Settings\Zones\3",2200,,,,,3,=,Medium
10832,"Internet Explorer","Internet Control Panel: Security Page: Internet Zone: Don't run antimalware programs against ActiveX controls",Registry,,"HKLM:\Software\Policies\Microsoft\Windows\CurrentVersion\Internet Settings\Zones\3",270C,,,,,0,=,Medium
10833,"Internet Explorer","Internet Control Panel: Security Page: Internet Zone: Download signed ActiveX controls",Registry,,"HKLM:\Software\Policies\Microsoft\Windows\CurrentVersion\Internet Settings\Zones\3",1001,,,,,3,=,Medium
10834,"Internet Explorer","Internet Control Panel: Security Page: Internet Zone: Download unsigned ActiveX controls",Registry,,"HKLM:\Software\Policies\Microsoft\Windows\CurrentVersion\Internet Settings\Zones\3",1004,,,,,3,=,Medium
10835,"Internet Explorer","Internet Control Panel: Security Page: Internet Zone: Enable dragging of content from different domains across windows",Registry,,"HKLM:\Software\Policies\Microsoft\Windows\CurrentVersion\Internet Settings\Zones\3",2709,,,,,3,=,Medium
10836,"Internet Explorer","Internet Control Panel: Security Page: Internet Zone: Enable dragging of content from different domains within a window",Registry,,"HKLM:\Software\Policies\Microsoft\Windows\CurrentVersion\Internet Settings\Zones\3",2708,,,,,3,=,Medium
10837,"Internet Explorer","Internet Control Panel: Security Page: Internet Zone: Include local path when user is uploading files to a server",Registry,,"HKLM:\Software\Policies\Microsoft\Windows\CurrentVersion\Internet Settings\Zones\3",160A,,,,,3,=,Medium
10838,"Internet Explorer","Internet Control Panel: Security Page: Internet Zone: Initialize and script ActiveX controls not marked as safe",Registry,,"HKLM:\Software\Policies\Microsoft\Windows\CurrentVersion\Internet Settings\Zones\3",1201,,,,,3,=,Medium
10839,"Internet Explorer","Internet Control Panel: Security Page: Internet Zone: Java permissions",Registry,,"HKLM:\Software\Policies\Microsoft\Windows\CurrentVersion\Internet Settings\Zones\3",1C00,,,,,0,=,Medium
10840,"Internet Explorer","Internet Control Panel: Security Page: Internet Zone: Launching applications and files in an IFRAME",Registry,,"HKLM:\Software\Policies\Microsoft\Windows\CurrentVersion\Internet Settings\Zones\3",1804,,,,,3,=,Medium
10841,"Internet Explorer","Internet Control Panel: Security Page: Internet Zone: Logon options",Registry,,"HKLM:\Software\Policies\Microsoft\Windows\CurrentVersion\Internet Settings\Zones\3",1A00,,,,,65536,=,Medium
10842,"Internet Explorer","Internet Control Panel: Security Page: Internet Zone: Navigate windows and frames across different domains",Registry,,"HKLM:\Software\Policies\Microsoft\Windows\CurrentVersion\Internet Settings\Zones\3",1607,,,,,3,=,Medium
10843,"Internet Explorer","Internet Control Panel: Security Page: Internet Zone: Run .NET Framework-reliant components not signed with Authenticode",Registry,,"HKLM:\Software\Policies\Microsoft\Windows\CurrentVersion\Internet Settings\Zones\3",2004,,,,,3,=,Medium
10844,"Internet Explorer","Internet Control Panel: Security Page: Internet Zone: Run .NET Framework-reliant components signed with Authenticode",Registry,,"HKLM:\Software\Policies\Microsoft\Windows\CurrentVersion\Internet Settings\Zones\3",2001,,,,,3,=,Medium
10845,"Internet Explorer","Internet Control Panel: Security Page: Internet Zone: Show security warning for potentially unsafe files",Registry,,"HKLM:\Software\Policies\Microsoft\Windows\CurrentVersion\Internet Settings\Zones\3",1806,,,,,1,=,Medium
10846,"Internet Explorer","Internet Control Panel: Security Page: Internet Zone: Turn on Cross-Site Scripting Filter",Registry,,"HKLM:\Software\Policies\Microsoft\Windows\CurrentVersion\Internet Settings\Zones\3",1409,,,,,0,=,Medium
10847,"Internet Explorer","Internet Control Panel: Security Page: Internet Zone: Turn on Protected Mode",Registry,,"HKLM:\Software\Policies\Microsoft\Windows\CurrentVersion\Internet Settings\Zones\3",2500,,,,,0,=,Medium
10848,"Internet Explorer","Internet Control Panel: Security Page: Internet Zone: Turn on SmartScreen Filter scan",Registry,,"HKLM:\Software\Policies\Microsoft\Windows\CurrentVersion\Internet Settings\Zones\3",2301,,,,,0,=,Medium
10849,"Internet Explorer","Internet Control Panel: Security Page: Internet Zone: Use Pop-up Blocker",Registry,,"HKLM:\Software\Policies\Microsoft\Windows\CurrentVersion\Internet Settings\Zones\3",1809,,,,,0,=,Medium
10850,"Internet Explorer","Internet Control Panel: Security Page: Internet Zone: Userdata persistence",Registry,,"HKLM:\Software\Policies\Microsoft\Windows\CurrentVersion\Internet Settings\Zones\3",1606,,,,,3,=,Medium
10851,"Internet Explorer","Internet Control Panel: Security Page: Internet Zone: Web sites in less privileged Web content zones can navigate into this zone",Registry,,"HKLM:\Software\Policies\Microsoft\Windows\CurrentVersion\Internet Settings\Zones\3",2101,,,,,3,=,Medium
10852,"Internet Explorer","Internet Control Panel: Security Page: Intranet Zone: Don't run antimalware programs against ActiveX controls",Registry,,"HKLM:\Software\Policies\Microsoft\Windows\CurrentVersion\Internet Settings\Zones\1",270C,,,,,0,=,Medium
10853,"Internet Explorer","Internet Control Panel: Security Page: Intranet Zone: Initialize and script ActiveX controls not marked as safe",Registry,,"HKLM:\Software\Policies\Microsoft\Windows\CurrentVersion\Internet Settings\Zones\1",1201,,,,,3,=,Medium
10854,"Internet Explorer","Internet Control Panel: Security Page: Intranet Zone: Java permissions",Registry,,"HKLM:\Software\Policies\Microsoft\Windows\CurrentVersion\Internet Settings\Zones\1",1C00,,,,,65536,=,Medium
10855,"Internet Explorer","Internet Control Panel: Security Page: Local Machine Zone: Don't run antimalware programs against ActiveX controls",Registry,,"HKLM:\Software\Policies\Microsoft\Windows\CurrentVersion\Internet Settings\Zones\0",270C,,,,,0,=,Medium
10856,"Internet Explorer","Internet Control Panel: Security Page: Local Machine Zone: Java permissions",Registry,,"HKLM:\Software\Policies\Microsoft\Windows\CurrentVersion\Internet Settings\Zones\0",1C00,,,,,0,=,Medium
10857,"Internet Explorer","Internet Control Panel: Security Page: Locked-Down Internet Zone: Turn on SmartScreen Filter scan",Registry,,"HKLM:\Software\Policies\Microsoft\Windows\CurrentVersion\Internet Settings\Lockdown_Zones\3",2301,,,,,0,=,Medium
10858,"Internet Explorer","Internet Control Panel: Security Page: Locked-Down Intranet Zone: Java permissions",Registry,,"HKLM:\Software\Policies\Microsoft\Windows\CurrentVersion\Internet Settings\Lockdown_Zones\1",1C00,,,,,0,=,Medium
10859,"Internet Explorer","Internet Control Panel: Security Page: Locked-Down Local Machine Zone: Java permissions",Registry,,"HKLM:\Software\Policies\Microsoft\Windows\CurrentVersion\Internet Settings\Lockdown_Zones\0",1C00,,,,,0,=,Medium
10860,"Internet Explorer","Internet Control Panel: Security Page: Locked-Down Restricted Sites Zone: Java permissions",Registry,,"HKLM:\Software\Policies\Microsoft\Windows\CurrentVersion\Internet Settings\Lockdown_Zones\4",1C00,,,,,0,=,Medium
10861,"Internet Explorer","Internet Control Panel: Security Page: Locked-Down Restricted Sites Zone: Turn on SmartScreen Filter scan",Registry,,"HKLM:\Software\Policies\Microsoft\Windows\CurrentVersion\Internet Settings\Lockdown_Zones\4",2301,,,,,0,=,Medium
10862,"Internet Explorer","Internet Control Panel: Security Page: Locked-Down Trusted Sites Zone: Java permissions",Registry,,"HKLM:\Software\Policies\Microsoft\Windows\CurrentVersion\Internet Settings\Lockdown_Zones\2",1C00,,,,,0,=,Medium
10863,"Internet Explorer","Internet Control Panel: Security Page: Restricted Sites Zone: Access data sources across domains",Registry,,"HKLM:\Software\Policies\Microsoft\Windows\CurrentVersion\Internet Settings\Zones\4",1406,,,,,3,=,Medium
10864,"Internet Explorer","Internet Control Panel: Security Page: Restricted Sites Zone: Allow active scripting",Registry,,"HKLM:\Software\Policies\Microsoft\Windows\CurrentVersion\Internet Settings\Zones\4",1400,,,,,3,=,Medium
10865,"Internet Explorer","Internet Control Panel: Security Page: Restricted Sites Zone: Allow binary and script behaviors",Registry,,"HKLM:\Software\Policies\Microsoft\Windows\CurrentVersion\Internet Settings\Zones\4",2000,,,,,3,=,Medium
10866,"Internet Explorer","Internet Control Panel: Security Page: Restricted Sites Zone: Allow cut, copy or paste operations from the clipboard via script",Registry,,"HKLM:\Software\Policies\Microsoft\Windows\CurrentVersion\Internet Settings\Zones\4",1407,,,,,3,=,Medium
10867,"Internet Explorer","Internet Control Panel: Security Page: Restricted Sites Zone: Allow drag and drop or copy and paste files",Registry,,"HKLM:\Software\Policies\Microsoft\Windows\CurrentVersion\Internet Settings\Zones\4",1802,,,,,3,=,Medium
10868,"Internet Explorer","Internet Control Panel: Security Page: Restricted Sites Zone: Allow file downloads",Registry,,"HKLM:\Software\Policies\Microsoft\Windows\CurrentVersion\Internet Settings\Zones\4",1803,,,,,3,=,Medium
10869,"Internet Explorer","Internet Control Panel: Security Page: Restricted Sites Zone: Allow loading of XAML files",Registry,,"HKLM:\Software\Policies\Microsoft\Windows\CurrentVersion\Internet Settings\Zones\4",2402,,,,,3,=,Medium
10870,"Internet Explorer","Internet Control Panel: Security Page: Restricted Sites Zone: Allow META REFRESH",Registry,,"HKLM:\Software\Policies\Microsoft\Windows\CurrentVersion\Internet Settings\Zones\4",1608,,,,,3,=,Medium
10871,"Internet Explorer","Internet Control Panel: Security Page: Restricted Sites Zone: Allow only approved domains to use ActiveX controls without prompt",Registry,,"HKLM:\Software\Policies\Microsoft\Windows\CurrentVersion\Internet Settings\Zones\4",120b,,,,,3,=,Medium
10872,"Internet Explorer","Internet Control Panel: Security Page: Restricted Sites Zone: Allow only approved domains to use the TDC ActiveX control",Registry,,"HKLM:\Software\Policies\Microsoft\Windows\CurrentVersion\Internet Settings\Zones\4",120c,,,,,3,=,Medium
10873,"Internet Explorer","Internet Control Panel: Security Page: Restricted Sites Zone: Allow scripting of Internet Explorer WebBrowser controls",Registry,,"HKLM:\Software\Policies\Microsoft\Windows\CurrentVersion\Internet Settings\Zones\4",1206,,,,,3,=,Medium
10874,"Internet Explorer","Internet Control Panel: Security Page: Restricted Sites Zone: Allow script-initiated windows without size or position constraints",Registry,,"HKLM:\Software\Policies\Microsoft\Windows\CurrentVersion\Internet Settings\Zones\4",2102,,,,,3,=,Medium
10875,"Internet Explorer","Internet Control Panel: Security Page: Restricted Sites Zone: Allow scriptlets",Registry,,"HKLM:\Software\Policies\Microsoft\Windows\CurrentVersion\Internet Settings\Zones\4",1209,,,,,3,=,Medium
10876,"Internet Explorer","Internet Control Panel: Security Page: Restricted Sites Zone: Allow updates to status bar via script",Registry,,"HKLM:\Software\Policies\Microsoft\Windows\CurrentVersion\Internet Settings\Zones\4",2103,,,,,3,=,Medium
10877,"Internet Explorer","Internet Control Panel: Security Page: Restricted Sites Zone: Allow VBScript to run in Internet Explorer",Registry,,"HKLM:\Software\Policies\Microsoft\Windows\CurrentVersion\Internet Settings\Zones\4",140C,,,,,3,=,Medium
10878,"Internet Explorer","Internet Control Panel: Security Page: Restricted Sites Zone: Automatic prompting for file downloads",Registry,,"HKLM:\Software\Policies\Microsoft\Windows\CurrentVersion\Internet Settings\Zones\4",2200,,,,,3,=,Medium
10879,"Internet Explorer","Internet Control Panel: Security Page: Restricted Sites Zone: Don't run antimalware programs against ActiveX controls",Registry,,"HKLM:\Software\Policies\Microsoft\Windows\CurrentVersion\Internet Settings\Zones\4",270C,,,,,0,=,Medium
10880,"Internet Explorer","Internet Control Panel: Security Page: Restricted Sites Zone: Download signed ActiveX controls",Registry,,"HKLM:\Software\Policies\Microsoft\Windows\CurrentVersion\Internet Settings\Zones\4",1001,,,,,3,=,Medium
10881,"Internet Explorer","Internet Control Panel: Security Page: Restricted Sites Zone: Download unsigned ActiveX controls",Registry,,"HKLM:\Software\Policies\Microsoft\Windows\CurrentVersion\Internet Settings\Zones\4",1004,,,,,3,=,Medium
10882,"Internet Explorer","Internet Control Panel: Security Page: Restricted Sites Zone: Enable dragging of content from different domains across windows",Registry,,"HKLM:\Software\Policies\Microsoft\Windows\CurrentVersion\Internet Settings\Zones\4",2709,,,,,3,=,Medium
10883,"Internet Explorer","Internet Control Panel: Security Page: Restricted Sites Zone: Enable dragging of content from different domains within a window",Registry,,"HKLM:\Software\Policies\Microsoft\Windows\CurrentVersion\Internet Settings\Zones\4",2708,,,,,3,=,Medium
10884,"Internet Explorer","Internet Control Panel: Security Page: Restricted Sites Zone: Include local path when user is uploading files to a server",Registry,,"HKLM:\Software\Policies\Microsoft\Windows\CurrentVersion\Internet Settings\Zones\4",160A,,,,,3,=,Medium
10885,"Internet Explorer","Internet Control Panel: Security Page: Restricted Sites Zone: Initialize and script ActiveX controls not marked as safe",Registry,,"HKLM:\Software\Policies\Microsoft\Windows\CurrentVersion\Internet Settings\Zones\4",1201,,,,,3,=,Medium
10886,"Internet Explorer","Internet Control Panel: Security Page: Restricted Sites Zone: Java permissions",Registry,,"HKLM:\Software\Policies\Microsoft\Windows\CurrentVersion\Internet Settings\Zones\4",1C00,,,,,0,=,Medium
10887,"Internet Explorer","Internet Control Panel: Security Page: Restricted Sites Zone: Launching applications and files in an IFRAME",Registry,,"HKLM:\Software\Policies\Microsoft\Windows\CurrentVersion\Internet Settings\Zones\4",1804,,,,,3,=,Medium
10888,"Internet Explorer","Internet Control Panel: Security Page: Restricted Sites Zone: Logon options",Registry,,"HKLM:\Software\Policies\Microsoft\Windows\CurrentVersion\Internet Settings\Zones\4",1A00,,,,,196608,=,Medium
10889,"Internet Explorer","Internet Control Panel: Security Page: Restricted Sites Zone: Navigate windows and frames across different domains",Registry,,"HKLM:\Software\Policies\Microsoft\Windows\CurrentVersion\Internet Settings\Zones\4",1607,,,,,3,=,Medium
10890,"Internet Explorer","Internet Control Panel: Security Page: Restricted Sites Zone: Run .NET Framework-reliant components not signed with Authenticode",Registry,,"HKLM:\Software\Policies\Microsoft\Windows\CurrentVersion\Internet Settings\Zones\4",2004,,,,,3,=,Medium
10891,"Internet Explorer","Internet Control Panel: Security Page: Restricted Sites Zone: Run .NET Framework-reliant components signed with Authenticode",Registry,,"HKLM:\Software\Policies\Microsoft\Windows\CurrentVersion\Internet Settings\Zones\4",2001,,,,,3,=,Medium
10892,"Internet Explorer","Internet Control Panel: Security Page: Restricted Sites Zone: Run ActiveX controls and plugins",Registry,,"HKLM:\Software\Policies\Microsoft\Windows\CurrentVersion\Internet Settings\Zones\4",1200,,,,,3,=,Medium
10893,"Internet Explorer","Internet Control Panel: Security Page: Restricted Sites Zone: Script ActiveX controls marked safe for scripting",Registry,,"HKLM:\Software\Policies\Microsoft\Windows\CurrentVersion\Internet Settings\Zones\4",1405,,,,,3,=,Medium
10894,"Internet Explorer","Internet Control Panel: Security Page: Restricted Sites Zone: Scripting of Java applets",Registry,,"HKLM:\Software\Policies\Microsoft\Windows\CurrentVersion\Internet Settings\Zones\4",1402,,,,,3,=,Medium
10895,"Internet Explorer","Internet Control Panel: Security Page: Restricted Sites Zone: Show security warning for potentially unsafe files",Registry,,"HKLM:\Software\Policies\Microsoft\Windows\CurrentVersion\Internet Settings\Zones\4",1806,,,,,3,=,Medium
10896,"Internet Explorer","Internet Control Panel: Security Page: Restricted Sites Zone: Turn on Cross-Site Scripting Filter",Registry,,"HKLM:\Software\Policies\Microsoft\Windows\CurrentVersion\Internet Settings\Zones\4",1409,,,,,0,=,Medium
10897,"Internet Explorer","Internet Control Panel: Security Page: Restricted Sites Zone: Turn on Protected Mode",Registry,,"HKLM:\Software\Policies\Microsoft\Windows\CurrentVersion\Internet Settings\Zones\4",2500,,,,,0,=,Medium
10898,"Internet Explorer","Internet Control Panel: Security Page: Restricted Sites Zone: Turn on SmartScreen Filter scan",Registry,,"HKLM:\Software\Policies\Microsoft\Windows\CurrentVersion\Internet Settings\Zones\4",2301,,,,,0,=,Medium
10899,"Internet Explorer","Internet Control Panel: Security Page: Restricted Sites Zone: Use Pop-up Blocker",Registry,,"HKLM:\Software\Policies\Microsoft\Windows\CurrentVersion\Internet Settings\Zones\4",1809,,,,,0,=,Medium
10900,"Internet Explorer","Internet Control Panel: Security Page: Restricted Sites Zone: Userdata persistence",Registry,,"HKLM:\Software\Policies\Microsoft\Windows\CurrentVersion\Internet Settings\Zones\4",1606,,,,,3,=,Medium
10901,"Internet Explorer","Internet Control Panel: Security Page: Restricted Sites Zone: Web sites in less privileged Web content zones can navigate into this zone",Registry,,"HKLM:\Software\Policies\Microsoft\Windows\CurrentVersion\Internet Settings\Zones\4",2101,,,,,3,=,Medium
10902,"Internet Explorer","Internet Control Panel: Security Page: Trusted Sites Zone: Don't run antimalware programs against ActiveX controls",Registry,,"HKLM:\Software\Policies\Microsoft\Windows\CurrentVersion\Internet Settings\Zones\2",270C,,,,,0,=,Medium
10903,"Internet Explorer","Internet Control Panel: Security Page: Trusted Sites Zone: Initialize and script ActiveX controls not marked as safe",Registry,,"HKLM:\Software\Policies\Microsoft\Windows\CurrentVersion\Internet Settings\Zones\2",1201,,,,,3,=,Medium
10904,"Internet Explorer","Internet Control Panel: Security Page: Trusted Sites Zone: Java permissions",Registry,,"HKLM:\Software\Policies\Microsoft\Windows\CurrentVersion\Internet Settings\Zones\2",1C00,,,,,65536,=,Medium
10905,"Internet Explorer","Security Features: Allow fallback to SSL 3.0 (Internet Explorer)",Registry,,"HKLM:\Software\Policies\Microsoft\Windows\CurrentVersion\Internet Settings",EnableSSL3Fallback,,,,,0,=,Medium
10906,"Internet Explorer","Security Features: Add-on Management: Remove 'Run this time' button for outdated ActiveX controls in Internet Explorer",Registry,,HKLM:\Software\Microsoft\Windows\CurrentVersion\Policies\Ext,RunThisTimeEnabled,,,,,0,=,Medium
10907,"Internet Explorer","Security Features: Add-on Management: Turn off blocking of outdated ActiveX controls for Internet Explorer",Registry,,HKLM:\Software\Microsoft\Windows\CurrentVersion\Policies\Ext,VersionCheckEnabled,,,,,1,=,Medium
10908,"Internet Explorer","Security Features: Consistent Mime Handling: Internet Explorer Processes iexplore.exe",Registry,,"HKLM:\Software\Policies\Microsoft\Internet Explorer\Main\FeatureControl\FEATURE_MIME_HANDLING",iexplore.exe,,,,,1,=,Medium
10909,"Internet Explorer","Security Features: Consistent Mime Handling: Internet Explorer Processes explorer.exe",Registry,,"HKLM:\Software\Policies\Microsoft\Internet Explorer\Main\FeatureControl\FEATURE_MIME_HANDLING",explorer.exe,,,,,1,=,Medium
10910,"Internet Explorer","Security Features: Consistent Mime Handling: Internet Explorer Processes (Reserved)",Registry,,"HKLM:\Software\Policies\Microsoft\Internet Explorer\Main\FeatureControl\FEATURE_MIME_HANDLING",(Reserved),,,,,1,=,Medium
10911,"Internet Explorer","Security Features: Mime Sniffing Safety Feature: Internet Explorer Processes iexplore.exe",Registry,,"HKLM:\Software\Policies\Microsoft\Internet Explorer\Main\FeatureControl\FEATURE_MIME_SNIFFING",iexplore.exe,,,,,1,=,Medium
10912,"Internet Explorer","Security Features: Mime Sniffing Safety Feature: Internet Explorer Processes explore.exe",Registry,,"HKLM:\Software\Policies\Microsoft\Internet Explorer\Main\FeatureControl\FEATURE_MIME_SNIFFING",explorer.exe,,,,,1,=,Medium
10913,"Internet Explorer","Security Features: Mime Sniffing Safety Feature: Internet Explorer Processes (Reserved)",Registry,,"HKLM:\Software\Policies\Microsoft\Internet Explorer\Main\FeatureControl\FEATURE_MIME_SNIFFING",(Reserved),,,,,1,=,Medium
10914,"Internet Explorer","Security Features: MK Protocol Security Restriction: Internet Explorer Processes iexplore.exe",Registry,,"HKLM:\Software\Policies\Microsoft\Internet Explorer\Main\FeatureControl\FEATURE_DISABLE_MK_PROTOCOL",iexplore.exe,,,,,1,=,Medium
10915,"Internet Explorer","Security Features: MK Protocol Security Restriction: Internet Explorer Processes explorer.exe",Registry,,"HKLM:\Software\Policies\Microsoft\Internet Explorer\Main\FeatureControl\FEATURE_DISABLE_MK_PROTOCOL",explorer.exe,,,,,1,=,Medium
10916,"Internet Explorer","Security Features: MK Protocol Security Restriction: Internet Explorer Processes (Reserved)",Registry,,"HKLM:\Software\Policies\Microsoft\Internet Explorer\Main\FeatureControl\FEATURE_DISABLE_MK_PROTOCOL",(Reserved),,,,,1,=,Medium
10917,"Internet Explorer","Security Features: Notification bar: Internet Explorer Processes iexplore.exe",Registry,,"HKLM:\Software\Policies\Microsoft\Internet Explorer\Main\FeatureControl\FEATURE_SECURITYBAND",iexplore.exe,,,,,1,=,Medium
10918,"Internet Explorer","Security Features: Notification bar: Internet Explorer Processes explorer.exe",Registry,,"HKLM:\Software\Policies\Microsoft\Internet Explorer\Main\FeatureControl\FEATURE_SECURITYBAND",explorer.exe,,,,,1,=,Medium
10919,"Internet Explorer","Security Features: Notification bar: Internet Explorer Processes (Reserved)",Registry,,"HKLM:\Software\Policies\Microsoft\Internet Explorer\Main\FeatureControl\FEATURE_SECURITYBAND",(Reserved),,,,,1,=,Medium
10920,"Internet Explorer","Security Features: Protection From Zone Elevation: Internet Explorer Processes iexplore.exe",Registry,,"HKLM:\Software\Policies\Microsoft\Internet Explorer\Main\FeatureControl\FEATURE_ZONE_ELEVATION",iexplore.exe,,,,,1,=,Medium
10921,"Internet Explorer","Security Features: Protection From Zone Elevation: Internet Explorer Processes explorer.exe",Registry,,"HKLM:\Software\Policies\Microsoft\Internet Explorer\Main\FeatureControl\FEATURE_ZONE_ELEVATION",explorer.exe,,,,,1,=,Medium
10922,"Internet Explorer","Security Features: Protection From Zone Elevation: Internet Explorer Processes (Reserved)",Registry,,"HKLM:\Software\Policies\Microsoft\Internet Explorer\Main\FeatureControl\FEATURE_ZONE_ELEVATION",(Reserved),,,,,1,=,Medium
10923,"Internet Explorer","Security Features: Restrict ActiveX Install: Internet Explorer Processes iexplore.exe",Registry,,"HKLM:\Software\Policies\Microsoft\Internet Explorer\Main\FeatureControl\FEATURE_RESTRICT_ACTIVEXINSTALL",iexplore.exe,,,,,1,=,Medium
10924,"Internet Explorer","Security Features: Restrict ActiveX Install: Internet Explorer Processes explorer.exe",Registry,,"HKLM:\Software\Policies\Microsoft\Internet Explorer\Main\FeatureControl\FEATURE_RESTRICT_ACTIVEXINSTALL",explorer.exe,,,,,1,=,Medium
10925,"Internet Explorer","Security Features: Restrict ActiveX Install: Internet Explorer Processes (Reserved)",Registry,,"HKLM:\Software\Policies\Microsoft\Internet Explorer\Main\FeatureControl\FEATURE_RESTRICT_ACTIVEXINSTALL",(Reserved),,,,,1,=,Medium
10926,"Internet Explorer","Security Features: Restrict File Download: Internet Explorer Processes iexplore.exe",Registry,,"HKLM:Software\Policies\Microsoft\Internet Explorer\Main\FeatureControl\FEATURE_RESTRICT_FILEDOWNLOAD",iexplore.exe,,,,,1,=,Medium
10927,"Internet Explorer","Security Features: Restrict File Download: Internet Explorer Processes explorer.exe",Registry,,"HKLM:\Software\Policies\Microsoft\Internet Explorer\Main\FeatureControl\FEATURE_RESTRICT_FILEDOWNLOAD",explorer.exe,,,,,1,=,Medium
10928,"Internet Explorer","Security Features: Restrict File Download: Internet Explorer Processes (Reserved)",Registry,,"HKLM:\Software\Policies\Microsoft\Internet Explorer\Main\FeatureControl\FEATURE_RESTRICT_FILEDOWNLOAD",(Reserved),,,,,1,=,Medium
10929,"Internet Explorer","Security Features: Scripted Window Security Restrictions: Internet Explorer Processes iexplore.exe",Registry,,"HKLM:\Software\Policies\Microsoft\Internet Explorer\Main\FeatureControl\FEATURE_WINDOW_RESTRICTIONS",iexplore.exe,,,,,1,=,Medium
10930,"Internet Explorer","Security Features: Scripted Window Security Restrictions: Internet Explorer Processes explorer.exe",Registry,,"HKLM:\Software\Policies\Microsoft\Internet Explorer\Main\FeatureControl\FEATURE_WINDOW_RESTRICTIONS",explorer.exe,,,,,1,=,Medium
10931,"Internet Explorer","Security Features: Scripted Window Security Restrictions: Internet Explorer Processes (Reserved)",Registry,,"HKLM:\Software\Policies\Microsoft\Internet Explorer\Main\FeatureControl\FEATURE_WINDOW_RESTRICTIONS",(Reserved),,,,,1,=,Medium
10960,"Administrative Templates: Windows Components","Remote Desktop Connection Client: Do not allow passwords to be saved",Registry,,"HKLM:\SOFTWARE\Policies\Microsoft\Windows NT\Terminal Services",DisablePasswordSaving,,,,0,1,=,Medium
10961,"Administrative Templates: Windows Components","Remote Desktop Session Host: Device and Resource Redirection: Do not allow drive redirection",Registry,,"HKLM:\SOFTWARE\Policies\Microsoft\Windows NT\Terminal Services",fDisableCdm,,,,0,1,=,Medium
10962,"Administrative Templates: Windows Components","Remote Desktop Session Host: Security: Always prompt for password upon connection",Registry,,"HKLM:\SOFTWARE\Policies\Microsoft\Windows NT\Terminal Services",fPromptForPassword,,,,0,1,=,Medium
10963,"Administrative Templates: Windows Components","Remote Desktop Session Host: Security: Require secure RPC communication",Registry,,"HKLM:\SOFTWARE\Policies\Microsoft\Windows NT\Terminal Services",fEncryptRPCTraffic,,,,0,1,=,Medium
10964,"Administrative Templates: Windows Components","Remote Desktop Session Host: Security: Set client connection encryption level",Registry,,"HKLM:\SOFTWARE\Policies\Microsoft\Windows NT\Terminal Services",MinEncryptionLevel,,,,0,3,=,Medium
10970,"Administrative Templates: Windows Components","RSS Feeds: Prevent downloading of enclosures",Registry,,"HKLM:\Software\Policies\Microsoft\Internet Explorer\Feeds",DisableEnclosureDownload,,,,,1,=,Medium
10971,"Administrative Templates: Windows Components","Search: Allow indexing of encrypted files",Registry,,"HKLM:\SOFTWARE\Policies\Microsoft\Windows\Windows Search",AllowIndexingEncryptedStoresOrItems,,,,1,0,=,Medium
10972,"Microsoft Defender Antivirus","Configure detection for potentially unwanted applications",Registry,,"HKLM:\Software\Policies\Microsoft\Windows Defender",PUAProtection,,,,0,1,>=,Medium
10998,"Microsoft Defender Antivirus","Configure the 'Block at First Sight' feature",Registry,,"HKLM:\Software\Policies\Microsoft\Windows Defender\Spynet",DisableBlockAtFirstSeen,,,,,0,>=,Medium
10973,"Microsoft Defender Antivirus","MAPS: Join Microsoft MAPS",Registry,,HKLM:\SOFTWARE\Policies\Microsoft\WindowsDefender\Spynet,SpynetReporting,,,,,2,=,Medium
10974,"Microsoft Defender Antivirus","MAPS: Send file samples when further analysis is required",Registry,,"HKLM:\Software\Policies\Microsoft\Windows Defender\Spynet",SubmitSamplesConsent,,,,,1,=,Medium
10999,"Microsoft Defender Antivirus","MpEngine: Select cloud protection level",Registry,,"HKLM:\Software\Policies\Microsoft\Windows Defender\MpEngine",MpCloudBlockLevel,,,,,2,>=,Medium
11013,"Microsoft Defender Antivirus","Real-time Protection: Scan all downloaded files and attachments",Registry,,"HKLM:\Software\Policies\Microsoft\Windows Defender\Real-Time Protection",DisableIOAVProtection,,,,0,0,>=,Medium
11014,"Microsoft Defender Antivirus","Real-time Protection: Turn off real-time protection",Registry,,"HKLM:\Software\Policies\Microsoft\Windows Defender\Real-Time Protection",DisableRealtimeMonitoring,,,,0,0,>=,Medium
11015,"Microsoft Defender Antivirus","Real-time Protection: Turn on behavior monitoring (Policy)",Registry,,"HKLM:\SOFTWARE\Policies\Microsoft\Windows Defender\Real-Time Protection",DisableBehaviorMonitoring,,,,,0,>=,Medium
10976,"Microsoft Defender Antivirus","Scan: Scan removable drives",Registry,,"HKLM:\Software\Policies\Microsoft\Windows Defender\Scan",DisableRemovableDriveScanning,,,,,0,=,Medium
10977,"Microsoft Defender Exploit Guard","Attack Surface Reduction rules",Registry,,"HKLM:\Software\Policies\Microsoft\Windows Defender\Windows Defender Exploit Guard\ASR",ExploitGuard_ASR_Rules,,,,0,1,=,Medium
10978,"Microsoft Defender Exploit Guard","ASR: Block executable content from email client and webmail (Policy)",Registry,,"HKLM:\Software\Policies\Microsoft\Windows Defender\Windows Defender Exploit Guard\ASR\rules",be9ba2d9-53ea-4cdc-84e5-9b1eeee46550,,,,0,1,=,Medium
11013,"Microsoft Defender Exploit Guard","ASR: Block executable content from email client and webmail",MpPreferenceAsr,be9ba2d9-53ea-4cdc-84e5-9b1eeee46550,,,,,,0,1,=,Medium
10979,"Microsoft Defender Exploit Guard","ASR: Block Office applications from creating child processes (Policy)",Registry,,"HKLM:\Software\Policies\Microsoft\Windows Defender\Windows Defender Exploit Guard\ASR\rules",d4f940ab-401b-4efc-aadc-ad5f3c50688a,,,,0,1,=,Medium
11014,"Microsoft Defender Exploit Guard","ASR: Block Office applications from creating child processes",MpPreferenceAsr,d4f940ab-401b-4efc-aadc-ad5f3c50688a,,,,,,0,1,=,Medium
10980,"Microsoft Defender Exploit Guard","ASR: Block Office applications from creating executable content (Policy)",Registry,,"HKLM:\Software\Policies\Microsoft\Windows Defender\Windows Defender Exploit Guard\ASR\rules",3b576869-a4ec-4529-8536-b80a7769e899,,,,0,1,=,Medium
11015,"Microsoft Defender Exploit Guard","ASR: Block Office applications from creating executable content",MpPreferenceAsr,3b576869-a4ec-4529-8536-b80a7769e899,,,,,,0,1,=,Medium
10981,"Microsoft Defender Exploit Guard","ASR: Block Office applications from injecting into other processes (Policy)",Registry,,"HKLM:\Software\Policies\Microsoft\Windows Defender\Windows Defender Exploit Guard\ASR\rules",75668c1f-73b5-4cf0-bb93-3ecf5cb7cc84,,,,0,1,=,Medium
11016,"Microsoft Defender Exploit Guard","ASR: Block Office applications from injecting into other processes",MpPreferenceAsr,75668c1f-73b5-4cf0-bb93-3ecf5cb7cc84,,,,,,0,1,=,Medium
10982,"Microsoft Defender Exploit Guard","ASR: Impede JavaScript and VBScript to launch executables (Policy)",Registry,,"HKLM:\Software\Policies\Microsoft\Windows Defender\Windows Defender Exploit Guard\ASR\rules",d3e037e1-3eb8-44c8-a917-57927947596d,,,,0,1,=,Medium
11017,"Microsoft Defender Exploit Guard","ASR: Impede JavaScript and VBScript to launch executables",MpPreferenceAsr,d3e037e1-3eb8-44c8-a917-57927947596d,,,,,,0,1,=,Medium
10983,"Microsoft Defender Exploit Guard","ASR: Block execution of potentially obfuscated scripts (Policy)",Registry,,"HKLM:\Software\Policies\Microsoft\Windows Defender\Windows Defender Exploit Guard\ASR\rules",5beb7efe-fd9a-4556-801d-275e5ffc04cc,,,,0,1,=,Medium
11018,"Microsoft Defender Exploit Guard","ASR: Block execution of potentially obfuscated scripts",MpPreferenceAsr,5beb7efe-fd9a-4556-801d-275e5ffc04cc,,,,,,0,1,=,Medium
10984,"Microsoft Defender Exploit Guard","ASR: Block Win32 imports from Macro code in Office (Policy)",Registry,,"HKLM:\Software\Policies\Microsoft\Windows Defender\Windows Defender Exploit Guard\ASR\rules",92e97fa1-2edf-4476-bdd6-9dd0b4dddc7b,,,,0,1,=,Medium
11019,"Microsoft Defender Exploit Guard","ASR: Block Win32 imports from Macro code in Office",MpPreferenceAsr,92e97fa1-2edf-4476-bdd6-9dd0b4dddc7b,,,,,,0,1,=,Medium
10985,"Microsoft Defender Exploit Guard","ASR: Block executable files from running unless they meet a prevalence, age, or trusted list criteria (Policy)",Registry,,"HKLM:\Software\Policies\Microsoft\Windows Defender\Windows Defender Exploit Guard\ASR\rules",01443614-cd74-433a-b99e-2ecdc07bfc25,,,,0,0,=,Low
11020,"Microsoft Defender Exploit Guard","ASR: Block executable files from running unless they meet a prevalence, age, or trusted list criteria",MpPreferenceAsr,01443614-cd74-433a-b99e-2ecdc07bfc25,,,,,,0,0,=,Low
10986,"Microsoft Defender Exploit Guard","ASR: Use advanced protection against ransomware (Policy)",Registry,,"HKLM:\Software\Policies\Microsoft\Windows Defender\Windows Defender Exploit Guard\ASR\rules",c1db55ab-c21a-4637-bb3f-a12568109d35,,,,0,1,=,Medium
11021,"Microsoft Defender Exploit Guard","ASR: Use advanced protection against ransomware",MpPreferenceAsr,c1db55ab-c21a-4637-bb3f-a12568109d35,,,,,,0,1,=,Medium
10987,"Microsoft Defender Exploit Guard","ASR: Block credential stealing from the Windows local security authority subsystem (lsass.exe) (Policy)",Registry,,"HKLM:\Software\Policies\Microsoft\Windows Defender\Windows Defender Exploit Guard\ASR\rules",9e6c4e1f-7d60-472f-ba1a-a39ef669e4b2,,,,0,1,=,Medium
11022,"Microsoft Defender Exploit Guard","ASR: Block credential stealing from the Windows local security authority subsystem (lsass.exe)",MpPreferenceAsr,9e6c4e1f-7d60-472f-ba1a-a39ef669e4b2,,,,,,0,1,=,Medium
10988,"Microsoft Defender Exploit Guard","ASR: Block process creations originating from PSExec and WMI commands (Policy)",Registry,,"HKLM:\Software\Policies\Microsoft\Windows Defender\Windows Defender Exploit Guard\ASR\rules",d1e49aac-8f56-4280-b9ba-993a6d77406c,,,,0,0,=,Low
11023,"Microsoft Defender Exploit Guard","ASR: Block process creations originating from PSExec and WMI commands",MpPreferenceAsr,d1e49aac-8f56-4280-b9ba-993a6d77406c,,,,,,0,0,=,Low
10989,"Microsoft Defender Exploit Guard","ASR: Block untrusted and unsigned processes that run from USB (Policy)",Registry,,"HKLM:\Software\Policies\Microsoft\Windows Defender\Windows Defender Exploit Guard\ASR\rules",b2b3f03d-6a65-4f7b-a9c7-1c7ef74a9ba4,,,,0,1,=,Medium
11024,"Microsoft Defender Exploit Guard","ASR: Block untrusted and unsigned processes that run from USB",MpPreferenceAsr,b2b3f03d-6a65-4f7b-a9c7-1c7ef74a9ba4,,,,,,0,1,=,Medium
10990,"Microsoft Defender Exploit Guard","ASR: Block Office communication applications from creating child processes (Policy)",Registry,,"HKLM:\Software\Policies\Microsoft\Windows Defender\Windows Defender Exploit Guard\ASR\rules",26190899-1602-49e8-8b27-eb1d0a1ce869,,,,0,1,=,Medium
11025,"Microsoft Defender Exploit Guard","ASR: Block Office communication applications from creating child processes",MpPreferenceAsr,26190899-1602-49e8-8b27-eb1d0a1ce869,,,,,,0,1,=,Medium
10991,"Microsoft Defender Exploit Guard","ASR: Block Adobe Reader from creating child processes (Policy)",Registry,,"HKLM:\Software\Policies\Microsoft\Windows Defender\Windows Defender Exploit Guard\ASR\rules",7674ba52-37eb-4a4f-a9a1-f0f9a1619a2c,,,,0,1,=,Medium
11026,"Microsoft Defender Exploit Guard","ASR: Block Adobe Reader from creating child processes",MpPreferenceAsr,7674ba52-37eb-4a4f-a9a1-f0f9a1619a2c,,,,,,0,1,=,Medium
10992,"Microsoft Defender Exploit Guard","ASR: Block persistence through WMI event subscription (Policy)",Registry,,"HKLM:\Software\Policies\Microsoft\Windows Defender\Windows Defender Exploit Guard\ASR\rules",e6db77e5-3df2-4cf1-b95a-636979351e5b,,,,0,1,=,Medium
11027,"Microsoft Defender Exploit Guard","ASR: Block persistence through WMI event subscription",MpPreferenceAsr,e6db77e5-3df2-4cf1-b95a-636979351e5b,,,,,,0,1,=,Medium
10993,"Microsoft Defender Exploit Guard","Network Protection: Prevent users and apps from accessing dangerous websites",Registry,,"HKLM:\SOFTWARE\Policies\Microsoft\Microsoft Defender\Microsoft Defender Exploit Guard\Network Protection",EnableNetworkProtection,,,,,1,=,Medium
11001,"Administrative Templates: Windows Components","Windows Ink Workspace: Allow Windows Ink Workspace",Registry,,HKLM:\Software\Policies\Microsoft\WindowsInkWorkspace,AllowWindowsInkWorkspace,,,,1,1,=,Low
11002,"Administrative Templates: Windows Components","Windows Installer: Allow user control over installs",Registry,,HKLM:\Software\Policies\Microsoft\Windows\Installer,EnableUserControl,,,,1,0,=,Medium
11003,"Administrative Templates: Windows Components","Windows Installer: Always install with elevated privileges",Registry,,HKLM:\Software\Policies\Microsoft\Windows\Installer,AlwaysInstallElevated,,,,1,0,=,Medium
11004,"Administrative Templates: Windows Components","Windows Logon Options: Sign-in and lock last interactive user automatically after a restart",Registry,,HKLM:\SOFTWARE\Microsoft\Windows\CurrentVersion\Policies\System,DisableAutomaticRestartSignOn,,,,0,1,=,Medium
11005,PowerShell,"Turn on PowerShell Script Block Logging",Registry,,HKLM:\Software\Policies\Microsoft\Windows\PowerShell\ScriptBlockLogging,EnableScriptBlockLogging,,,,0,1,=,Medium
11006,PowerShell,"Turn on PowerShell Script Block Logging (Invocation)",Registry,,HKLM:\Software\Policies\Microsoft\Windows\PowerShell\ScriptBlockLogging,EnableScriptBlockInvocationLogging,,,,0,0,=,Low
11007,"Administrative Templates: Windows Components","WinRM Client: Allow Basic authentication",Registry,,HKLM:\Software\Policies\Microsoft\Windows\WinRM\Client,AllowBasic,,,,1,0,=,Medium
11008,"Administrative Templates: Windows Components","WinRM Client: Allow unencrypted traffic",Registry,,HKLM:\Software\Policies\Microsoft\Windows\WinRM\Client,AllowUnencryptedTraffic,,,,1,0,=,Medium
11009,"Administrative Templates: Windows Components","WinRM Client: Disallow Digest authentication",Registry,,HKLM:\Software\Policies\Microsoft\Windows\WinRM\Client,AllowDigest,,,,1,0,=,Medium
11010,"Administrative Templates: Windows Components","WinRM Service: Allow Basic authentication",Registry,,HKLM:\Software\Policies\Microsoft\Windows\WinRM\Service,AllowBasic,,,,1,0,=,Medium
11011,"Administrative Templates: Windows Components","WinRM Service: Allow unencrypted traffic",Registry,,HKLM:\Software\Policies\Microsoft\Windows\WinRM\Service,AllowUnencryptedTraffic,,,,1,0,=,Medium
11012,"Administrative Templates: Windows Components","WinRM Service: Disallow WinRM from storing RunAs credentials",Registry,,HKLM:\Software\Policies\Microsoft\Windows\WinRM\Service,DisableRunAs,,,,0,1,=,Medium
